kvasir

dice_train: 0.0 dice_valid: 0.0 dice_test: 0.0

miou_train: 0.0 miou_valid: 0.0 miou_test: 0.0

precision_train: 0.0 precision_valid: 0.0 precision_test: 0.0

recall_train: 0.0 recall_valid: 0.0 recall_test: 0.0

accuracy_train: 0.7632037706611571 accuracy_valid: 0.7292581353305785 accuracy_test: 0.9272097753099173



